%Gravitational parameters (GM) in km^3/s^2
mu_s = 1.3271244004193938e11;
mu_e = 398600.440;
mu_m = 4902.80007;
